100     1       24966248.00     0.000797
100     2       19209724.00     0.000496
100     4       8245690.00      0.000540
100     8       13912528.00     0.000949
100     16      22548458.00     0.001742
100     32      31222369.00     0.006137
100     64      25346426.00     0.008648
200     1       104549526.00    0.002204
200     2       85029736.00     0.001422
200     4       55551184.00     0.001444
200     8       33799912.00     0.002352
200     16      59022725.00     0.003193
200     32      122871971.00    0.003436
200     64      162546582.00    0.009455
200     128     95586803.00     0.014727
300     1       212531011.00    0.006675
300     2       156590746.00    0.003476
300     4       79441790.00     0.002213
300     8       52129177.00     0.003575
300     16      91803391.00     0.006580
300     32      154829941.00    0.007794
300     64      425437294.00    0.010603
300     128     399438018.00    0.014900
300     256     217172590.00    0.028428
400     1       395972933.00    0.014023
400     2       207140645.00    0.009026
400     4       186864934.00    0.004520
400     8       64650452.00     0.005726
400     16      97130054.00     0.005672
400     32      270966598.00    0.013152
400     64      679308099.00    0.013938
400     128     896762679.00    0.021779
400     256     380291930.00    0.034991
500     1       617951348.00    0.027959
500     2       488332288.00    0.015269
500     4       167289765.00    0.008974
500     8       121054554.00    0.009046
500     16      146887798.00    0.009525
500     32      408491452.00    0.012154
500     64      928453897.00    0.022520
500     128     887709040.00    0.033041
500     256     639037073.00    0.046772
600     1       925284867.00    0.047293
600     2       440089307.00    0.024876
600     4       222935112.00    0.021361
600     8       133390613.00    0.014325
600     16      155490580.00    0.014494
600     32      339959274.00    0.028902
600     64      990535773.00    0.020909
600     128     1489058773.00   0.032213
600     256     1178237544.00   0.053087
600     512     1011542978.00   0.086765
700     1       1176474269.00   0.073176
700     2       599511087.00    0.037607
700     4       315579944.00    0.019639
700     8       185690840.00    0.020992
700     16      173433814.00    0.020324
700     32      299820521.00    0.019933
700     64      1051560327.00   0.026264
700     128     1219854019.00   0.040105
700     256     1604966721.00   0.075273
700     512     1363160719.00   0.110960
800     1       1518689264.00   0.108826
800     2       805097127.00    0.056805
800     4       414566799.00    0.028990
800     8       222832849.00    0.030346
800     16      161946263.00    0.025095
800     32      171738501.00    0.025327
800     64      562617163.00    0.033994
800     128     963842550.00    0.046467
800     256     2512539276.00   0.094465
800     512     1610605903.00   0.154328
900     1       2000465474.00   0.156129
900     2       1012027026.00   0.079584
900     4       508015117.00    0.041538
900     8       303165989.00    0.032724
900     16      210271468.00    0.034277
900     32      226703146.00    0.034283
900     64      329747043.00    0.041844
900     128     595598818.00    0.063318
900     256     1998539770.00   0.109110
900     512     2137580459.00   0.187157
1000    1       2473430841.00   0.215468
1000    2       1207645585.00   0.108145
1000    4       639383545.00    0.055587
1000    8       343946552.00    0.047877
1000    16      272932776.00    0.045928
1000    32      274337286.00    0.045625
1000    64      799966861.00    0.070945
1000    128     2449533569.00   0.079605
1000    256     2506202838.00   0.169768
1000    512     2411659793.00   0.253946